merkle-patricia-trie: (2, 0.00055) (3, 0.00065) (4, 0.00076) (8, 0.00110) (16, 0.00184) (32, 0.00329) (64, 0.00611) (128, 0.01193) (256, 0.02515) (512, 0.04691) (1024, 0.09256)
merkle-tree: (2, 0.00098) (3, 0.00097) (4, 0.00120) (8, 0.00152) (16, 0.00231) (32, 0.00439) (64, 0.00684) (128, 0.01208) (256, 0.02321) (512, 0.04624) (1024, 0.08673)
sparse-merkle-tree: (2, 0.00068) (3, 0.00077) (4, 0.00088) (8, 0.00146) (16, 0.00254) (32, 0.00448) (64, 0.00902) (128, 0.01763) (256, 0.03513) (512, 0.06890) (1024, 0.14842)
merkle-patricia-trie: (2, 0.00089) (3, 0.00065) (4, 0.00073) (8, 0.00116) (16, 0.00189) (32, 0.00330) (64, 0.00642) (128, 0.01181) (256, 0.02364) (512, 0.04515) (1024, 0.09017)
merkle-tree: (2, 0.00255) (3, 0.00090) (4, 0.00104) (8, 0.00151) (16, 0.00222) (32, 0.00423) (64, 0.00679) (128, 0.01234) (256, 0.02346) (512, 0.04542) (1024, 0.09142)
sparse-merkle-tree: (2, 0.00060) (3, 0.00066) (4, 0.00090) (8, 0.00137) (16, 0.00240) (32, 0.00445) (64, 0.00894) (128, 0.01756) (256, 0.03436) (512, 0.07111) (1024, 0.14872)
merkle-patricia-trie: (2, 0.00089) (3, 0.00063) (4, 0.00075) (8, 0.00103) (16, 0.00198) (32, 0.00334) (64, 0.00634) (128, 0.01203) (256, 0.02367) (512, 0.04751) (1024, 0.09737)
merkle-tree: (2, 0.00172) (3, 0.00090) (4, 0.00104) (8, 0.00147) (16, 0.00220) (32, 0.00391) (64, 0.00645) (128, 0.01229) (256, 0.02333) (512, 0.04549) (1024, 0.09215)
sparse-merkle-tree: (2, 0.00062) (3, 0.00069) (4, 0.00082) (8, 0.00145) (16, 0.00254) (32, 0.00452) (64, 0.00883) (128, 0.01721) (256, 0.03490) (512, 0.07097) (1024, 0.17493)
merkle-patricia-trie: (2, 0.00196) (3, 0.00070) (4, 0.00067) (8, 0.00112) (16, 0.00183) (32, 0.00338) (64, 0.00640) (128, 0.01206) (256, 0.02323) (512, 0.04665) (1024, 0.09067)
merkle-tree: (2, 0.00198) (3, 0.00089) (4, 0.00103) (8, 0.00143) (16, 0.00220) (32, 0.00374) (64, 0.00656) (128, 0.01282) (256, 0.02400) (512, 0.04652) (1024, 0.09160)
sparse-merkle-tree: (2, 0.00061) (3, 0.00068) (4, 0.00090) (8, 0.00141) (16, 0.00261) (32, 0.00450) (64, 0.00878) (128, 0.01728) (256, 0.03511) (512, 0.07319) (1024, 0.15908)
merkle-patricia-trie: (2, 0.00055) (3, 0.00073) (4, 0.00072) (8, 0.00120) (16, 0.00176) (32, 0.00341) (64, 0.00615) (128, 0.01208) (256, 0.02330) (512, 0.04507) (1024, 0.08820)
merkle-tree: (2, 0.00097) (3, 0.00098) (4, 0.00110) (8, 0.00148) (16, 0.00229) (32, 0.00385) (64, 0.00659) (128, 0.01279) (256, 0.02287) (512, 0.04527) (1024, 0.09110)
sparse-merkle-tree: (2, 0.00060) (3, 0.00069) (4, 0.00089) (8, 0.00145) (16, 0.00261) (32, 0.00445) (64, 0.00878) (128, 0.01712) (256, 0.03416) (512, 0.06962) (1024, 0.14758)
